0
0
0
0
0
0
0
0
0
0
0
0
0
0
0
0
0
0
0
0
0
0
0
0
0
0
0
0
0
0
0
0
0
0
0
0
0
0
0
0.000168833
0.000168833
0.000168833
0
0.000168833
0.000168833
0.000168833
0
0
0
0
0
0
0
0
0
0
0
0
0
0
0
0
0.000168833
0.000168833
0.000168833
0
0
0.000168833
0.000337667
0.0005065
0.000337667
0.000168833
0.000337667
0
0.000168833
0.000168833
0
0
0
0
0
0
0
0
0
0
0
0.000168833
0.000168833
0.000337667
0.000337667
0.0005065
0.000675333
0.00185717
0.00388317
0.00844167
0.0130002
0.018234
0.0239743
0.0271822
0.0276887
0.0224548
0.0189093
0.0135067
0.00894817
0.00540267
0.00219483
0.001013
0.000168833
0.000168833
0
0
0
0
0
0.000337667
0.000168833
0.000675333
0.00168833
0.00438967
0.0104677
0.0248185
0.0492993
0.0930272
0.160561
0.241263
0.312342
0.363836
0.374135
0.348641
0.292926
0.219652
0.133547
0.0734425
0.0335978
0.01013
0.00168833
0.000168833
0
0
0
0
0
0.0005065
0.0005065
0.00168833
0.005065
0.0130002
0.0347797
0.0776633
0.147223
0.255614
0.390849
0.530812
0.63532
0.712646
0.733581
0.69897
0.603073
0.477292
0.329394
0.194665
0.0867803
0.0307277
0.004052
0.000168833
0
0
0
0
0
0
0.0015195
0.00472733
0.0119872
0.0327537
0.0768192
0.161574
0.28516
0.44285
0.591761
0.720581
0.802465
0.855985
0.870336
0.856829
0.801621
0.682424
0.51815
0.348979
0.184704
0.0724295
0.011143
0.000675333
0.000168833
0.000168833
0
0
0
0.000168833
0.00168833
0.00844167
0.0231302
0.0685463
0.155496
0.283302
0.445214
0.606449
0.734932
0.8104
0.844504
0.854466
0.866959
0.874894
0.862232
0.803309
0.679723
0.493162
0.303056
0.137262
0.0270133
0.00118183
0
0.000168833
0.000168833
0
0.000337667
0.0005065
0.00219483
0.012156
0.0479487
0.127638
0.254601
0.419382
0.596151
0.724802
0.792504
0.798582
0.775283
0.742867
0.734087
0.761101
0.800439
0.819011
0.763633
0.624515
0.417187
0.216613
0.0525072
0.00118183
0
0
0
0
0
0.000168833
0.003039
0.0258315
0.0889752
0.213574
0.371265
0.564241
0.700996
0.78001
0.776465
0.714672
0.62806
0.558332
0.537565
0.555293
0.647982
0.749451
0.788283
0.710113
0.522033
0.29816
0.0796893
0.0015195
0
0
0
0
0.000168833
0.000337667
0.006078
0.0518318
0.154651
0.312679
0.500591
0.676009
0.773426
0.773763
0.691541
0.571839
0.456357
0.358264
0.314199
0.351173
0.478474
0.650346
0.762451
0.751308
0.600034
0.374979
0.112443
0.00219483
0
0
0
0.000168833
0
0.000168833
0.0106365
0.0916765
0.232484
0.426304
0.619956
0.759412
0.783218
0.702684
0.563228
0.411109
0.282289
0.194834
0.168327
0.215769
0.355563
0.556475
0.728178
0.774607
0.650008
0.429512
0.147729
0.00422083
0.000168833
0
0
0
0.000168833
0.000168833
0.0216107
0.145872
0.328719
0.543981
0.716022
0.789296
0.736113
0.588553
0.41094
0.252406
0.142158
0.093196
0.0904947
0.147054
0.290056
0.497045
0.695087
0.769374
0.669931
0.460409
0.174743
0.00641567
0.000168833
0
0
0.000168833
0.000337667
0.0005065
0.0361303
0.21425
0.428161
0.642073
0.772919
0.77275
0.650515
0.455512
0.261861
0.130002
0.063819
0.0449097
0.0530137
0.126119
0.272835
0.478305
0.681411
0.76262
0.663177
0.457538
0.183691
0.00742867
0
0
0
0
0
0.000337667
0.0589228
0.289718
0.523046
0.718724
0.796049
0.724633
0.546176
0.324498
0.151781
0.0634813
0.032416
0.0266757
0.051663
0.141145
0.29529
0.510383
0.692723
0.74962
0.640554
0.428837
0.177275
0.00844167
0
0
0
0
0
0.0005065
0.088131
0.360122
0.594969
0.765997
0.795712
0.65845
0.447071
0.218133
0.0867803
0.0342732
0.0204288
0.0317407
0.0773257
0.196353
0.367381
0.571332
0.7221
0.726828
0.600034
0.386628
0.156509
0.009117
0
0
0
0
0
0.00118183
0.114807
0.418538
0.641398
0.792335
0.774101
0.600203
0.362823
0.156846
0.0595982
0.0261692
0.0285328
0.0653385
0.147729
0.292926
0.484889
0.650515
0.745906
0.691373
0.535539
0.329732
0.123248
0.00641567
0
0
0
0
0
0.0015195
0.141314
0.448084
0.666216
0.801452
0.758568
0.563397
0.325173
0.141989
0.0665203
0.0541955
0.080027
0.149418
0.274861
0.451123
0.605268
0.729191
0.739828
0.622151
0.433226
0.243795
0.0872868
0.00371433
0
0.000168833
0
0
0
0.00185717
0.15195
0.447071
0.66284
0.799088
0.764815
0.589904
0.370589
0.208003
0.141651
0.147223
0.212561
0.320783
0.464629
0.606112
0.721594
0.754179
0.678035
0.512409
0.32855
0.162418
0.0491305
0.00219483
0
0
0
0.000168833
0.000168833
0.00287017
0.144353
0.415668
0.633294
0.787608
0.796725
0.684282
0.518994
0.379875
0.327874
0.347459
0.425291
0.537397
0.652541
0.742698
0.772413
0.714165
0.55867
0.382576
0.216951
0.0913388
0.021273
0.001013
0
0
0
0.000168833
0.000168833
0.00270133
0.11295
0.343407
0.566267
0.747763
0.833193
0.815803
0.731386
0.64984
0.613372
0.619618
0.673139
0.737126
0.789296
0.795374
0.723789
0.566436
0.403005
0.249536
0.115482
0.0400135
0.00742867
0.0005065
0.000168833
0
0
0
0.000168833
0.00236367
0.079014
0.240081
0.451629
0.652034
0.806686
0.884349
0.890089
0.862738
0.838764
0.831335
0.83792
0.839608
0.802803
0.702347
0.55141
0.393044
0.242782
0.121898
0.047611
0.0130002
0.0025325
0.000168833
0.0005065
0.000168833
0
0
0
0.00118183
0.0356238
0.13456
0.291406
0.4805
0.661658
0.798582
0.876245
0.897012
0.890765
0.872193
0.835387
0.758906
0.639878
0.48911
0.337329
0.204964
0.103833
0.0411953
0.0133378
0.00320783
0.001013
0.0005065
0.000168833
0.000168833
0
0
0
0.000168833
0.00894817
0.0472733
0.127976
0.253757
0.4052
0.54989
0.660814
0.720581
0.726321
0.687996
0.601722
0.48624
0.360797
0.238224
0.137768
0.065845
0.0254938
0.00776633
0.003039
0.00135067
0.000675333
0.000337667
0
0
0
0
0
0
0.00135067
0.00574033
0.018234
0.0442343
0.0822218
0.129664
0.168665
0.197029
0.207159
0.191795
0.162587
0.124261
0.0805335
0.0472733
0.0214418
0.00945467
0.003039
0.000675333
0.000675333
0.000337667
0.000337667
0.000168833
0
0
0
0
0
0
0
0
0.000168833
0.000337667
0.00118183
0.00236367
0.00270133
0.003039
0.00287017
0.00236367
0.002026
0.00118183
0.000675333
0.000168833
0.000168833
0
0
0
0
0
0
0
0
0
0
0
0
0
0
0
0
0
0
0
0
0
0
0
0
0
0
0
0
0
0
0
0
0
0
0
0
0
0
0
0
0
0
0
0
0
0
0
0
0
0
0
0
0
0
0
0
0
0
0
0
0
0
0
0
0
0
0
0
0
0
0
0
0
0
0
0
0
0
0
0
0
0
0
0
0
0
0
0
0
0
0
0
0
0
0
0
0
0
0
0
0
0
0
0
0
0
0
0.000296648
0.000296648
0.000296648
0
0
0
0
0
0
0
0
0
0
0
0
0
0
0
0
0
0
0
0
0
0.000148324
0.000148324
0.000296648
0.000889944
0.00222486
0.00192821
0.00192821
0.000444972
0.000296648
0.000148324
0.000148324
0
0
0
0
0
0
0
0
0
0.000148324
0
0
0
0
0
0
0.000296648
0.000889944
0.00103827
0.00355977
0.00800949
0.0117176
0.0118659
0.0108276
0.00786117
0.0068229
0.00459804
0.00237318
0.00163156
0.00074162
0.000296648
0
0
0
0
0
0
0.000148324
0.000148324
0.000296648
0.000296648
0.000444972
0.000593296
0.00163156
0.00444972
0.0142391
0.0360427
0.0916642
0.168348
0.23361
0.26728
0.259715
0.242065
0.20706
0.162711
0.109018
0.0596262
0.0264017
0.00845446
0.00222486
0
0
0
0
0
0.000148324
0.000444972
0.000444972
0.000593296
0.00133492
0.00192821
0.00281815
0.00830614
0.0237318
0.0658558
0.15307
0.288787
0.407298
0.473302
0.480866
0.434737
0.364135
0.273954
0.179769
0.103382
0.0439039
0.0169089
0.00430139
0.000148324
0.000148324
0
0
0
0
0.000296648
0.000444972
0.000889944
0.00133492
0.00252151
0.00459804
0.00875111
0.026105
0.0716405
0.171907
0.323346
0.473895
0.564521
0.573865
0.509196
0.407446
0.290418
0.17962
0.0978938
0.0403441
0.0134975
0.00400475
0
0
0
0
0
0.000148324
0.000296648
0.000593296
0.000889944
0.00103827
0.00296648
0.00474637
0.00889944
0.0222486
0.0698606
0.177099
0.346781
0.526995
0.647582
0.638238
0.542421
0.401365
0.267428
0.152032
0.0692673
0.0281815
0.00934441
0.00296648
0
0.000148324
0
0
0
0
0.000148324
0.000444972
0.000593296
0.00222486
0.00341145
0.00474637
0.00815782
0.0192821
0.0646692
0.176357
0.374221
0.591961
0.726491
0.702166
0.545387
0.364877
0.215366
0.101899
0.0412341
0.0146841
0.00385642
0.00118659
0
0
0
0
0.000148324
0
0.000148324
0.000148324
0.00074162
0.00222486
0.00266983
0.00415307
0.00934441
0.0188371
0.0559181
0.175467
0.410857
0.67873
0.828538
0.734204
0.517651
0.314743
0.157075
0.0588846
0.0191338
0.00578463
0.00163156
0.00074162
0.000148324
0.000148324
0
0
0.000148324
0
0
0.000148324
0.000593296
0.00118659
0.00296648
0.00415307
0.00875111
0.0185405
0.0502818
0.180807
0.466034
0.793088
0.908336
0.739988
0.463512
0.240581
0.094779
0.02566
0.00667458
0.00281815
0.00118659
0
0.000444972
0.000296648
0.000148324
0
0.000148324
0.000148324
0.000148324
0.00074162
0.00103827
0.00074162
0.00222486
0.00355977
0.00860279
0.0180955
0.0456838
0.191041
0.566301
0.908187
0.94779
0.718629
0.387867
0.155295
0.0443489
0.0099377
0.00252151
0.00177989
0.000593296
0.000148324
0.000444972
0.000148324
0.000148324
0
0
0
0.000148324
0.00074162
0.000444972
0.00074162
0.00133492
0.00519134
0.00964106
0.0166123
0.0400475
0.224859
0.719816
0.976416
0.962177
0.683032
0.280332
0.0793533
0.0148324
0.00281815
0.00192821
0.000889944
0.000296648
0
0.000148324
0
0.000148324
0.000148324
0
0
0.000296648
0.000444972
0.000296648
0.00074162
0.00163156
0.00444972
0.00800949
0.0137941
0.0501335
0.310145
0.867695
0.991397
0.960546
0.605755
0.163601
0.0281815
0.00474637
0.00163156
0.00133492
0.00074162
0.000148324
0
0.000148324
0
0
0
0
0
0.000444972
0.000444972
0.000444972
0.00074162
0.00133492
0.00415307
0.00726787
0.016019
0.0845446
0.445268
0.935034
0.993325
0.941412
0.463957
0.0815782
0.010531
0.00177989
0.00133492
0.00133492
0.00074162
0.000148324
0.000148324
0.000148324
0
0
0
0
0.000296648
0.000296648
0.000444972
0.000148324
0.000148324
0.00192821
0.00341145
0.00756452
0.0350044
0.171462
0.586621
0.954761
0.991249
0.873183
0.322901
0.042569
0.00489469
0.00148324
0.000889944
0.00148324
0.00074162
0.000148324
0.000148324
0
0
0
0
0.000148324
0.000296648
0
0.000296648
0.000296648
0.00074162
0.00192821
0.00459804
0.0183922
0.0864729
0.292643
0.661525
0.95313
0.973153
0.732275
0.234797
0.0347078
0.00459804
0.00222486
0.00163156
0.00148324
0.00103827
0.000296648
0.000444972
0.000148324
0.000148324
0
0
0.000148324
0.000148324
0
0.000296648
0.000889944
0.00118659
0.00341145
0.0143874
0.0520617
0.170424
0.399881
0.701276
0.936517
0.905814
0.576832
0.197271
0.0403441
0.00875111
0.00563631
0.00296648
0.00222486
0.00207654
0.00118659
0.00103827
0.000444972
0.000296648
0
0
0
0
0
0
0.000593296
0.00222486
0.0099377
0.0339662
0.106942
0.255562
0.470039
0.718629
0.8938
0.78582
0.481904
0.191931
0.0492435
0.0145357
0.00830614
0.00667458
0.00519134
0.00296648
0.00148324
0.00103827
0.00074162
0.000296648
0.000296648
0
0.000148324
0.000148324
0.000296648
0.000296648
0.00177989
0.00771284
0.0259567
0.0754969
0.176209
0.336399
0.520765
0.710917
0.819193
0.676209
0.425541
0.200831
0.0667458
0.0232869
0.0134975
0.00800949
0.00608128
0.00326313
0.00237318
0.00118659
0.000889944
0.000148324
0.000296648
0
0
0
0.000296648
0.000889944
0.00593296
0.0213586
0.0525067
0.128004
0.245328
0.392465
0.545832
0.677692
0.725007
0.596559
0.399733
0.215663
0.0849896
0.0344112
0.0177989
0.0108276
0.00608128
0.00341145
0.00177989
0.00118659
0.00103827
0.000148324
0.000148324
0.000148324
0
0.000148324
0.000296648
0.00222486
0.0134975
0.0357461
0.0797983
0.171611
0.290567
0.422427
0.543904
0.62563
0.638238
0.543756
0.385197
0.228567
0.105607
0.0407891
0.0195788
0.0106793
0.00608128
0.00252151
0.00133492
0.000889944
0.000593296
0.000296648
0
0.000148324
0
0.000148324
0.000296648
0.00341145
0.0188371
0.0453871
0.102195
0.198754
0.306734
0.42124
0.503708
0.553248
0.5531
0.490952
0.370958
0.225304
0.10887
0.041679
0.0170573
0.00726787
0.00444972
0.00118659
0.000444972
0.000148324
0.000444972
0.000148324
0
0
0
0
0
0.00385642
0.0185405
0.0400475
0.0935924
0.1814
0.278552
0.361465
0.41323
0.441709
0.447493
0.416642
0.313112
0.18852
0.0827648
0.0283299
0.00964106
0.00400475
0.00177989
0.000593296
0.000296648
0.000444972
0.000296648
0.000444972
0
0
0
0
0
0.00133492
0.00548799
0.0127559
0.026995
0.0482053
0.0786117
0.103382
0.118659
0.128004
0.138238
0.129487
0.0975972
0.0505785
0.0195788
0.00533966
0.00207654
0.000593296
0.00074162
0.000296648
0.000296648
0
0.000148324
0
0
0
0
0
0
0
0.000148324
0.000148324
0.000889944
0.00133492
0.00192821
0.00207654
0.00326313
0.00459804
0.00578463
0.00563631
0.00281815
0.00133492
0.000296648
0
0
0
0
0
0
0
0
0
0
0
0
0
0
0
0
0
0
0
0
0.000148324
0.000148324
0
0
0.000148324
0.000148324
0.000148324
0
0
0
0
0
0
0
0
0
0
0
0
0
0
0
0
0
0
0
0
0
0
0
0
0
0
0
0
0
0
0
0
0
0
0
0
0
0
0
0
0
0
0
0
0
0
0
0
0
0
0
0
0.000167842
0.000167842
0
0
0
0
0
0
0
0
0
0
0
0
0
0
0
0
0
0
0
0
0
0.000335683
0.000503525
0.000839208
0.000671366
0.000503525
0.000839208
0.00100705
0.00151057
0.0020141
0.00100705
0.000167842
0
0
0
0
0
0
0
0
0
0
0
0
0
0
0.000167842
0.000671366
0.00167842
0.00352467
0.00738503
0.0107419
0.0154414
0.0204767
0.0223229
0.0246727
0.0236657
0.0191339
0.0129238
0.00755287
0.00302115
0.00117489
0.000335683
0
0.000167842
0.000335683
0.000167842
0
0
0
0
0
0
0.000167842
0.00251762
0.00839208
0.020141
0.0416247
0.0725076
0.106579
0.147868
0.190332
0.220544
0.235817
0.23095
0.206109
0.16096
0.11044
0.0676401
0.0386036
0.0171198
0.00553877
0.00100705
0.000335683
0.000167842
0
0
0
0
0.000167842
0.000335683
0.00167842
0.0115811
0.0320577
0.0713327
0.130245
0.212487
0.303793
0.404498
0.498657
0.566801
0.59332
0.589627
0.539946
0.455018
0.337697
0.229272
0.13377
0.0668009
0.0248406
0.0040282
0.000335683
0.000335683
0
0
0
0
0.000335683
0.000503525
0.0060423
0.0278617
0.074186
0.145519
0.245552
0.357838
0.475831
0.590634
0.673716
0.736657
0.767372
0.773917
0.734475
0.6524
0.521987
0.371433
0.239174
0.132595
0.0575697
0.012756
0.00100705
0.000335683
0
0
0
0
0.000167842
0.00134273
0.0109097
0.0459886
0.120007
0.212823
0.329473
0.443437
0.557066
0.644008
0.704263
0.742531
0.764183
0.772239
0.766197
0.719537
0.620678
0.477341
0.322927
0.194025
0.0862706
0.0219872
0.00100705
0.000167842
0.000167842
0
0
0
0.000335683
0.0020141
0.0167842
0.0615979
0.146861
0.245049
0.348607
0.44864
0.531554
0.58241
0.603558
0.605908
0.61195
0.638469
0.671031
0.689493
0.642497
0.536757
0.378315
0.237831
0.117153
0.0310507
0.00151057
0.000335683
0.000167842
0
0
0.000167842
0.000503525
0.0020141
0.0177912
0.067808
0.146022
0.229272
0.305136
0.376972
0.426989
0.438402
0.439241
0.426989
0.439913
0.482377
0.556563
0.635784
0.644847
0.566465
0.417254
0.258812
0.130077
0.0342397
0.00134273
0.000503525
0
0
0
0
0.000503525
0.00234978
0.0181269
0.0609265
0.126049
0.180262
0.231957
0.269554
0.295065
0.288687
0.273078
0.265358
0.289023
0.369419
0.491944
0.608761
0.65089
0.579389
0.427828
0.258308
0.130077
0.0355824
0.00117489
0.000167842
0.000167842
0
0
0
0.000335683
0.00184626
0.0117489
0.0473313
0.0882847
0.121014
0.153743
0.17187
0.175059
0.16566
0.155253
0.1571
0.213159
0.325948
0.481537
0.614132
0.64854
0.575529
0.415744
0.242867
0.114971
0.0317221
0.00251762
0.000839208
0.000503525
0
0
0
0
0.00117489
0.00855992
0.0293723
0.0532058
0.0673045
0.0844243
0.0965089
0.100537
0.0966767
0.0988587
0.12672
0.212152
0.352635
0.513427
0.632931
0.653743
0.556395
0.385029
0.214669
0.0928164
0.0260154
0.00537093
0.00251762
0.000503525
0
0
0
0
0.000671366
0.00469956
0.0162806
0.026519
0.0399463
0.0538771
0.065626
0.078382
0.0919772
0.115811
0.18194
0.291876
0.425814
0.568312
0.658778
0.643169
0.518127
0.340886
0.175394
0.0733468
0.021148
0.00956697
0.00503525
0.00100705
0.000167842
0
0
0.000167842
0.000503525
0.00386036
0.0124203
0.0276939
0.0488419
0.0733468
0.103223
0.137966
0.182779
0.237999
0.322088
0.422625
0.535079
0.639141
0.675227
0.59953
0.452333
0.28768
0.141155
0.0602551
0.0261833
0.0166163
0.00990265
0.00352467
0.000503525
0
0
0
0.00117489
0.0068815
0.0255119
0.0592481
0.107083
0.162974
0.223901
0.292716
0.366902
0.441591
0.528701
0.603558
0.671031
0.699899
0.665156
0.556059
0.401141
0.238503
0.124371
0.0632763
0.0389392
0.0283652
0.0166163
0.00587445
0.000335683
0
0
0.000167842
0.00386036
0.0209802
0.0657939
0.138469
0.223733
0.313192
0.400134
0.486741
0.572508
0.654079
0.72474
0.763511
0.770225
0.7286
0.642162
0.513092
0.365559
0.236992
0.145686
0.095334
0.0704935
0.0490097
0.0251762
0.00822424
0.00100705
0
0
0.000671366
0.0110775
0.0513595
0.135952
0.245888
0.361195
0.472474
0.566969
0.640316
0.709298
0.775764
0.810003
0.819235
0.78382
0.716851
0.61665
0.499496
0.376301
0.275596
0.201074
0.155925
0.121349
0.0845921
0.0448137
0.0119168
0.000839208
0
0
0.000839208
0.0241692
0.0924807
0.215005
0.355992
0.485566
0.571333
0.640819
0.694864
0.750755
0.784827
0.809836
0.802618
0.76049
0.699228
0.617825
0.536925
0.438066
0.361027
0.294898
0.24102
0.182947
0.128567
0.0652904
0.0132595
0.000839208
0
0
0.00134273
0.0399463
0.13612
0.27761
0.43622
0.556563
0.638469
0.688318
0.723565
0.756798
0.784491
0.793051
0.773917
0.737664
0.693018
0.651225
0.592145
0.526687
0.461564
0.397952
0.327627
0.252602
0.166667
0.0726754
0.0107419
0.000671366
0
0
0.00167842
0.0491776
0.162638
0.312521
0.480195
0.611111
0.705102
0.756126
0.785498
0.797919
0.79473
0.78147
0.749245
0.706613
0.676401
0.649211
0.622692
0.586606
0.525512
0.463243
0.374958
0.272575
0.168345
0.0654582
0.00923129
0.000335683
0
0
0.00302115
0.0530379
0.161631
0.305975
0.48053
0.62286
0.738335
0.79859
0.812353
0.808996
0.779456
0.721047
0.657939
0.618496
0.595334
0.585767
0.581571
0.55908
0.518127
0.439409
0.348943
0.243202
0.138637
0.0473313
0.00721719
0
0
0.000167842
0.00302115
0.0424639
0.132763
0.257301
0.412051
0.557402
0.674891
0.741188
0.751091
0.718362
0.657771
0.584424
0.51242
0.467103
0.444612
0.451662
0.461229
0.457033
0.415072
0.344243
0.257133
0.175059
0.0919772
0.0273582
0.00335683
0
0
0
0.0020141
0.0238335
0.0800604
0.161128
0.280295
0.398959
0.495972
0.545149
0.549681
0.510742
0.448137
0.381
0.324102
0.289359
0.28147
0.291876
0.298758
0.285163
0.259987
0.208795
0.153239
0.0966767
0.0473313
0.0129238
0.000671366
0
0
0
0.000167842
0.00553877
0.0236657
0.0568983
0.102383
0.155757
0.199564
0.229439
0.234642
0.214669
0.189997
0.159282
0.136959
0.121349
0.119839
0.121014
0.119671
0.1143
0.10188
0.0817388
0.0570661
0.0344075
0.0117489
0.0020141
0.000167842
0
0
0
0
0.000167842
0.00167842
0.00419604
0.00923129
0.0139308
0.0189661
0.0216516
0.0253441
0.0256798
0.027526
0.0251762
0.0251762
0.024337
0.0234978
0.0228265
0.020141
0.016952
0.013763
0.0114132
0.00855992
0.00621014
0.00251762
0.000839208
0.000167842
0
0
0
0
0
0
0
0.000167842
0.000335683
0.000335683
0.000335683
0.000671366
0.00100705
0.00134273
0.0020141
0.00251762
0.00268546
0.00234978
0.00268546
0.00218194
0.00151057
0.00117489
0.000839208
0.000503525
0.000167842
0
0.000167842
0.000167842
0
0
0
0
0
0
0
0
0
0
0
0
0
0
0
0
0
0
0
0
0
0
0
0
0
0
0
0
0
0
0
0
0
0
0
0
0
0
0
0
0
0
0
0
0
0
0
0
0
0
0
0
0
0
0
0
0
0
0
0
0
0
0
0
0
0
0
0
0
0
0
0
0
0
0
0
0
0
0
0
0
0
0
0
0
0
0
0
0
0
0
0
0
0
0
0
0
0
0
0
0
0
0
0
0
0
0
0
0
0
0
0
0
0
0
0
0
0
0
0
0
0
0
0.000163106
0.000326211
0.000326211
0.000326211
0.000326211
0.000489317
0.000326211
0.000326211
0.000326211
0.000163106
0
0
0
0
0
0
0
0
0
0
0
0
0
0.000815528
0.00130484
0.00228348
0.00570869
0.00946012
0.0151688
0.0239765
0.0309901
0.0352308
0.0376774
0.0362094
0.0311532
0.0264231
0.0192465
0.0101125
0.00652422
0.0029359
0.000815528
0
0
0
0
0
0
0.000163106
0.000163106
0.000652422
0.00244658
0.0112543
0.0254445
0.0520307
0.0910129
0.143859
0.204371
0.261458
0.307617
0.337302
0.345458
0.328658
0.280868
0.220682
0.155113
0.103572
0.0557821
0.024792
0.00929702
0.00114174
0
0
0
0
0
0
0.000163106
0.0029359
0.0182678
0.047953
0.0981895
0.174523
0.273854
0.395857
0.517534
0.625836
0.70641
0.758604
0.768553
0.7374
0.672158
0.556027
0.419018
0.288044
0.17648
0.0901974
0.0314794
0.00636112
0.000815528
0
0
0
0
0
0.000978633
0.010765
0.0412657
0.0959061
0.177948
0.291959
0.430599
0.565487
0.683412
0.770511
0.825966
0.858751
0.873104
0.878813
0.836405
0.744087
0.598434
0.43647
0.288534
0.15968
0.061817
0.0141902
0.00146795
0
0
0
0
0.000815528
0.000978633
0.0176154
0.0606753
0.122818
0.218072
0.325722
0.442668
0.554069
0.631708
0.676562
0.693688
0.706736
0.738053
0.786332
0.798728
0.766596
0.658783
0.512804
0.345621
0.201925
0.0836731
0.0190833
0.00163106
0
0
0
0
0.000163106
0.000978633
0.0208775
0.0600228
0.114663
0.189202
0.270755
0.349209
0.409232
0.433371
0.43696
0.430109
0.447562
0.508563
0.612624
0.689121
0.717338
0.658131
0.527646
0.359158
0.204697
0.0861197
0.0198989
0.00114174
0
0
0
0
0.000163106
0.00114174
0.0156581
0.0473006
0.0822052
0.134725
0.175502
0.209754
0.233404
0.23846
0.242538
0.259338
0.310879
0.418855
0.563856
0.687
0.720926
0.644267
0.491111
0.322949
0.169793
0.0696461
0.0156581
0.000489317
0.000163106
0
0
0
0.000163106
0.000815528
0.0112543
0.0275648
0.0458327
0.0706247
0.0882401
0.110912
0.126733
0.153972
0.201435
0.280705
0.391943
0.54885
0.68488
0.769695
0.728756
0.609199
0.422443
0.251346
0.116294
0.0461589
0.00831838
0.000163106
0.000326211
0
0
0
0.000163106
0.000652422
0.0058718
0.0146795
0.0225086
0.0345784
0.051052
0.0778013
0.131137
0.220845
0.355244
0.498287
0.644756
0.758767
0.82352
0.818627
0.719948
0.547219
0.337628
0.181863
0.0732344
0.018594
0.00424074
0
0.000163106
0
0
0
0
0.000163106
0.00244658
0.00750285
0.0143533
0.021693
0.0486054
0.114989
0.232262
0.400261
0.576904
0.727451
0.832654
0.886805
0.891535
0.832817
0.716196
0.515087
0.314467
0.152667
0.0562714
0.0159843
0.00244658
0.000163106
0.000326211
0
0
0
0
0
0.000978633
0.00440385
0.00848149
0.0236503
0.0683412
0.16017
0.325722
0.528299
0.706247
0.822867
0.881912
0.891046
0.872451
0.825477
0.729734
0.567933
0.378405
0.201272
0.0843256
0.0259338
0.00521938
0.000489317
0.000163106
0
0
0
0.000326211
0.000163106
0.00130484
0.00521938
0.0120698
0.0291959
0.0782907
0.180069
0.33877
0.514272
0.659599
0.736258
0.767085
0.760561
0.756973
0.763497
0.741315
0.660088
0.494862
0.298809
0.141086
0.0551297
0.0128853
0.00146795
0.000163106
0
0
0
0.000163106
0.00146795
0.00489317
0.0101125
0.020062
0.0357201
0.0696461
0.144348
0.263742
0.381504
0.466808
0.50106
0.508237
0.514761
0.548198
0.618985
0.693688
0.700538
0.595172
0.406459
0.213016
0.0936226
0.0280542
0.00342522
0
0.000326211
0
0
0.000326211
0.00391453
0.0127222
0.0239765
0.0358832
0.0469744
0.0636112
0.102593
0.155766
0.20796
0.246616
0.255097
0.252977
0.277116
0.342685
0.472191
0.631708
0.703474
0.645735
0.469581
0.272712
0.12396
0.0430599
0.0060349
0
0.000163106
0
0
0.000489317
0.00636112
0.0264231
0.0486054
0.0671995
0.0771489
0.0869352
0.0959061
0.0968847
0.101778
0.10243
0.103735
0.114174
0.151036
0.245148
0.400098
0.586854
0.690099
0.658457
0.492089
0.296526
0.149568
0.051052
0.00701354
0
0
0
0
0.000163106
0.0102756
0.0459958
0.0862828
0.124939
0.146632
0.155276
0.142717
0.119883
0.0975371
0.084978
0.0776382
0.091176
0.144675
0.268145
0.443484
0.609199
0.696134
0.657968
0.482629
0.294732
0.154787
0.0515413
0.00652422
0
0
0
0
0.000652422
0.0150057
0.0629587
0.128527
0.191486
0.235851
0.260153
0.257544
0.225412
0.189366
0.152014
0.142717
0.176643
0.25787
0.394226
0.55358
0.687979
0.71326
0.631382
0.445767
0.26945
0.134399
0.0409395
0.00424074
0
0
0
0
0.000978633
0.0171261
0.0743761
0.152504
0.245148
0.326537
0.389007
0.418855
0.409232
0.377752
0.341706
0.344153
0.389007
0.479041
0.600881
0.715218
0.757625
0.707552
0.552275
0.370576
0.2122
0.0975371
0.0249551
0.00228348
0
0.000163106
0
0
0.000978633
0.0156581
0.0668733
0.147774
0.254934
0.378568
0.487522
0.573968
0.618659
0.621758
0.619475
0.63236
0.675909
0.735117
0.790899
0.805741
0.746208
0.604958
0.430109
0.267167
0.13815
0.0507258
0.0104388
0.000652422
0
0.000163106
0
0
0.000163106
0.0115805
0.046322
0.111564
0.209427
0.348393
0.491926
0.625836
0.726146
0.788126
0.820584
0.841298
0.854999
0.853368
0.822378
0.738868
0.59925
0.429457
0.268309
0.146958
0.0637743
0.0198989
0.00342522
0.000163106
0
0
0
0
0
0.00554559
0.0226717
0.0655684
0.129669
0.232588
0.366498
0.504649
0.628935
0.724841
0.780134
0.802479
0.786006
0.730713
0.635622
0.495841
0.348393
0.219214
0.124123
0.0554559
0.0192465
0.00489317
0.000652422
0.000163106
0
0.000163106
0
0
0
0.00130484
0.00766596
0.0239765
0.0500734
0.0916653
0.149405
0.220682
0.28625
0.347741
0.386723
0.399445
0.381015
0.329799
0.266188
0.183657
0.115805
0.0667102
0.0308269
0.0109281
0.00309901
0.00130484
0.000326211
0
0
0
0
0
0
0.000163106
0.000326211
0.00228348
0.00473006
0.0104388
0.0189202
0.0275648
0.035557
0.0456695
0.0533355
0.0531724
0.0513782
0.0437123
0.0332735
0.0243027
0.0153319
0.00929702
0.00473006
0.00212037
0.000652422
0.000326211
0
0
0
0
0
0
0
0
0
0
0.000326211
0.000326211
0.000489317
0.000652422
0.000652422
0.00146795
0.00163106
0.00179416
0.00179416
0.00163106
0.00130484
0.00146795
0.00130484
0.000978633
0.000652422
0.000489317
0.000326211
0.000163106
0
0
0
0
0
0
0
0
0
0
0
0
0
0
0
0
0
0
0
0
0
0
0
0
0
0
0
0
0
0
0
0
0
0
0
0
0
0
0
0
0
0
0
0
0
0
0
0
0
0
0
0
0
0
0
0
0
0
0
0
0
0
0
0
0
0
0
0
0
0
0
0
0
0
0.000171174
0.000171174
0
0
0
0
0
0
0
0
0
0
0
0
0
0
0
0
0
0
0
0
0
0
0
0
0
0.000171174
0.000513523
0.000684697
0.000684697
0.000513523
0.000513523
0
0.000342349
0.000342349
0.000171174
0.000171174
0
0
0
0
0
0
0
0
0
0
0
0.000171174
0.000171174
0.000513523
0.00136939
0.00171174
0.00273879
0.00222527
0.00273879
0.00359466
0.00513523
0.00496405
0.00513523
0.00581992
0.00787402
0.0100993
0.00855871
0.00564875
0.00308114
0.00136939
0.000171174
0
0
0
0
0
0
0.000855871
0.00222527
0.00308114
0.00547758
0.00924341
0.0148922
0.0178021
0.0224238
0.0277302
0.025505
0.0234509
0.0282438
0.0369736
0.052037
0.0611092
0.0710373
0.075659
0.0657309
0.0463882
0.0302978
0.0121534
0.00273879
0.000171174
0
0
0
0
0.000513523
0.00359466
0.00992811
0.0203697
0.0342349
0.0546046
0.0852448
0.107669
0.118966
0.119993
0.105957
0.0941458
0.0980828
0.13266
0.184868
0.225094
0.23759
0.225779
0.1924
0.148066
0.0999658
0.0494694
0.0100993
0.000513523
0
0
0
0
0.00171174
0.00770284
0.0193427
0.0429647
0.0753167
0.119137
0.180931
0.232455
0.25505
0.245977
0.205751
0.16621
0.159363
0.214139
0.299897
0.369736
0.383773
0.357069
0.289284
0.216535
0.141732
0.0688121
0.0155769
0.00171174
0
0
0
0
0.00273879
0.0124957
0.0309825
0.0624786
0.115885
0.195823
0.283465
0.348168
0.376583
0.345943
0.289969
0.218418
0.194967
0.264978
0.382403
0.477747
0.48682
0.434098
0.334817
0.229374
0.139507
0.0647039
0.0169463
0.00256761
0
0
0
0.000171174
0.00393701
0.0164327
0.0388566
0.0828483
0.158679
0.261725
0.379322
0.461999
0.483738
0.43444
0.331051
0.233482
0.208319
0.300068
0.453783
0.568299
0.566416
0.468333
0.335673
0.210887
0.115885
0.0431359
0.0102705
0.00136939
0
0
0
0.000171174
0.00359466
0.0183156
0.0460459
0.104587
0.207463
0.335844
0.481
0.560767
0.561794
0.462513
0.326258
0.206265
0.202157
0.336357
0.53355
0.649435
0.6253
0.475693
0.299213
0.173571
0.0744608
0.0222527
0.00581992
0.000513523
0
0
0
0.000342349
0.00479288
0.0220815
0.0581992
0.132147
0.258302
0.427422
0.583533
0.649949
0.588326
0.443855
0.271311
0.152174
0.196166
0.398322
0.627011
0.726635
0.637624
0.44608
0.252824
0.124786
0.0439918
0.0106128
0.00290996
0
0
0
0
0.000513523
0.00616227
0.0243067
0.071722
0.173228
0.339267
0.53492
0.685382
0.700616
0.572578
0.375727
0.19103
0.11657
0.231256
0.498288
0.728689
0.773536
0.619993
0.394385
0.198049
0.0845601
0.0268744
0.00701814
0.00136939
0.000342349
0
0
0.000171174
0.000513523
0.0066758
0.0292708
0.0934611
0.229887
0.438891
0.648408
0.769257
0.719959
0.538685
0.317357
0.176138
0.168435
0.342349
0.635912
0.818042
0.786717
0.597227
0.354673
0.175111
0.0783978
0.0287573
0.0111263
0.00273879
0.000513523
0
0
0.000171174
0.000342349
0.00736049
0.0376583
0.12975
0.306573
0.537487
0.743923
0.826943
0.738788
0.549298
0.373502
0.295104
0.34543
0.544848
0.77405
0.882574
0.798699
0.589866
0.36443
0.200103
0.0994522
0.0486135
0.0201986
0.00427936
0.000684697
0
0
0.000171174
0.000171174
0.00992811
0.0498117
0.171517
0.378295
0.61229
0.799041
0.858268
0.800753
0.670318
0.586957
0.568983
0.624273
0.7595
0.889421
0.916638
0.813934
0.610921
0.406197
0.240842
0.132831
0.0725779
0.0297843
0.00581992
0.000513523
0
0
0
0.000855871
0.011811
0.0552893
0.197535
0.4038
0.621363
0.784663
0.857241
0.847655
0.80606
0.782438
0.785347
0.831222
0.889764
0.940431
0.927593
0.807942
0.610579
0.401746
0.244094
0.142075
0.0789113
0.0318384
0.00718932
0.000684697
0
0
0
0.000171174
0.00872989
0.0523793
0.186751
0.358952
0.53064
0.668778
0.744779
0.767888
0.769086
0.774735
0.793564
0.841321
0.897467
0.927764
0.874187
0.721328
0.515063
0.324033
0.196166
0.111948
0.0588839
0.0251626
0.00513523
0.000684697
0
0
0
0.000342349
0.0059911
0.0374872
0.130777
0.250941
0.359808
0.444711
0.49709
0.515577
0.540739
0.566073
0.634372
0.732968
0.819582
0.843376
0.738617
0.555974
0.363574
0.217562
0.126498
0.0671003
0.034406
0.0145498
0.00256761
0.000513523
0
0
0
0.000684697
0.00342349
0.0195139
0.0698391
0.128723
0.18076
0.217734
0.2405
0.254536
0.287573
0.357925
0.478432
0.615714
0.711571
0.70558
0.58456
0.408079
0.242212
0.133516
0.0713797
0.0330366
0.0160904
0.0053064
0.00136939
0.000342349
0
0
0
0.000171174
0.00222527
0.00872989
0.0273879
0.0498117
0.0672715
0.0794249
0.0900377
0.117768
0.175625
0.278672
0.414242
0.550154
0.615885
0.592776
0.479801
0.325916
0.192913
0.104759
0.0518658
0.023622
0.00872989
0.00205409
0.000513523
0
0
0
0
0.000171174
0.000855871
0.00359466
0.0102705
0.0167751
0.0205409
0.0306402
0.0501541
0.0902088
0.174255
0.28723
0.411161
0.504793
0.538343
0.511982
0.419035
0.288429
0.175796
0.0970558
0.0486135
0.0237932
0.00890106
0.00273879
0.000342349
0
0
0
0
0
0.000342349
0.000855871
0.00256761
0.00496405
0.0121534
0.0297843
0.0593975
0.121191
0.207977
0.314789
0.404314
0.458918
0.483225
0.453269
0.375043
0.271654
0.174427
0.102191
0.0540911
0.0256761
0.0106128
0.00359466
0.000513523
0
0
0
0
0
0
0
0.00136939
0.00496405
0.0148922
0.0376583
0.0783978
0.148579
0.232797
0.321979
0.382403
0.416296
0.430161
0.409791
0.344403
0.256933
0.173228
0.10493
0.0576857
0.0285861
0.0112975
0.00359466
0.000684697
0.000171174
0
0
0
0
0
0
0.000684697
0.00581992
0.0181445
0.0434783
0.0884971
0.153714
0.228346
0.290654
0.336357
0.357754
0.37179
0.351763
0.304348
0.234338
0.163129
0.101506
0.0539199
0.0244779
0.00958576
0.00308114
0.000513523
0.000171174
0
0
0
0
0
0
0.00102705
0.00547758
0.0164327
0.0345772
0.0689832
0.111606
0.161075
0.198904
0.227148
0.244779
0.254194
0.238446
0.200616
0.158165
0.107326
0.0686409
0.0340637
0.0155769
0.00650462
0.00119822
0.000342349
0
0
0
0
0
0
0.000171174
0.000342349
0.00154057
0.00513523
0.0119822
0.0227662
0.034406
0.0445053
0.0511811
0.0650462
0.0748031
0.0761725
0.0641903
0.0486135
0.034406
0.0205409
0.0111263
0.00564875
0.00290996
0.00188292
0.000342349
0
0
0
0
0
0
0
0.000171174
0.000171174
0.000171174
0.000171174
0.000513523
0.00154057
0.00188292
0.00273879
0.00256761
0.00308114
0.00256761
0.00171174
0.00154057
0.00154057
0.00119822
0.000513523
0.000171174
0
0.000171174
0.000171174
0
0
0
0
0
0
0
0
0
0
0
0
0
0
0
0
0
0
0
0
0
0
0
0
0
0
0
0
0
0
0
0
0
0
0
0
0
0
0
0
0
0
0
0
0
0
0
0
0
0
0
0
0
0
0
0
0
0
0
0
0
0
0
0
0
0
0
0
0
0
0
0
0
0
0
0
0
0
0
0
0
0
0
0
0
0
0
0
0
0
0
0
0
0
0
0
0
0
0
0
0
0
0.000184468
0.000553403
0.000922339
0.00129127
0.00129127
0.00129127
0.000737871
0.000368936
0.000368936
0.000184468
0
0
0
0
0
0
0
0
0.000184468
0
0
0
0.000184468
0.000737871
0.00202915
0.00332042
0.00590297
0.00885445
0.0119904
0.016971
0.0166021
0.0171555
0.0177089
0.016971
0.0147574
0.0118059
0.00940786
0.00442723
0.00258255
0.000368936
0.000184468
0
0
0
0
0
0
0.000553403
0.00221361
0.00534957
0.00996126
0.0232429
0.0431655
0.0627191
0.0826416
0.108283
0.129312
0.144438
0.161225
0.164914
0.1544
0.14204
0.125069
0.110681
0.0872533
0.0636414
0.0337576
0.011437
0.00147574
0
0
0
0
0.000184468
0.000553403
0.00295148
0.0116215
0.025641
0.0509131
0.0922339
0.151264
0.219332
0.283343
0.345324
0.387751
0.417266
0.43313
0.434975
0.426859
0.401955
0.364877
0.31212
0.260469
0.195167
0.120642
0.0479616
0.00977679
0.000368936
0
0
0.000184468
0
0.00110681
0.00866999
0.0249032
0.0527578
0.102749
0.181516
0.274119
0.37945
0.476665
0.550267
0.598414
0.620365
0.619996
0.62553
0.602287
0.567976
0.51983
0.458956
0.391441
0.315809
0.215827
0.0979524
0.0213983
0.00221361
0
0
0.000184468
0
0.00110681
0.0129127
0.0385538
0.0830105
0.158458
0.266925
0.393654
0.511714
0.606899
0.657628
0.680686
0.682162
0.67589
0.663531
0.63955
0.602656
0.553034
0.494558
0.431839
0.361004
0.266925
0.134108
0.0313595
0.00184468
0
0
0
0
0.00184468
0.01734
0.0483306
0.111603
0.21306
0.345139
0.479985
0.601734
0.656336
0.671278
0.656152
0.629773
0.601734
0.574064
0.538646
0.500277
0.457296
0.417082
0.365062
0.313964
0.241468
0.12839
0.0267478
0.00129127
0
0
0
0
0.00350489
0.0212138
0.0627191
0.144254
0.26877
0.411917
0.557646
0.654676
0.668142
0.622763
0.556724
0.493451
0.449917
0.411548
0.37613
0.344586
0.30843
0.276333
0.244973
0.210478
0.164361
0.0902048
0.0180778
0.00129127
0
0
0
0
0.00608744
0.0249032
0.0782144
0.178749
0.323372
0.501568
0.643608
0.702269
0.680686
0.58919
0.482937
0.399004
0.328168
0.271352
0.230216
0.189817
0.159749
0.135953
0.118244
0.0990592
0.0782144
0.0424276
0.0101457
0.000553403
0
0
0
0.000553403
0.00774765
0.0313595
0.0913116
0.213245
0.387198
0.5772
0.728094
0.769969
0.710017
0.59288
0.474636
0.381479
0.312857
0.242391
0.177089
0.121749
0.0811658
0.0560782
0.0413208
0.0350489
0.0274857
0.0158642
0.00387382
0.000184468
0
0
0
0.00110681
0.00830105
0.037078
0.107914
0.245158
0.441616
0.655414
0.799299
0.824756
0.751706
0.642686
0.544918
0.461907
0.387751
0.315071
0.231138
0.144992
0.0854086
0.0422431
0.0204759
0.0119904
0.00553403
0.00258255
0.000922339
0
0
0
0
0.00129127
0.00885445
0.0381848
0.109205
0.250876
0.456558
0.673123
0.801328
0.819037
0.77126
0.700978
0.627744
0.567423
0.494927
0.423907
0.340159
0.235012
0.139642
0.0676997
0.0295148
0.0110681
0.00332042
0.000922339
0.000368936
0
0.000184468
0
0
0.00110681
0.00793212
0.0348644
0.0986903
0.220439
0.403062
0.591035
0.699317
0.723298
0.697842
0.655045
0.620365
0.584578
0.548792
0.503966
0.430548
0.322819
0.20974
0.111603
0.0531267
0.0190002
0.00498063
0.000368936
0
0
0.000184468
0
0
0.00166021
0.00737871
0.0309906
0.0830105
0.16971
0.295886
0.420402
0.498801
0.520568
0.514112
0.512267
0.513005
0.518355
0.532928
0.521122
0.484044
0.388674
0.264527
0.15237
0.0787678
0.034311
0.00885445
0.00110681
0
0
0
0
0
0.00221361
0.0121749
0.0455635
0.0900203
0.133186
0.191109
0.248109
0.283896
0.294042
0.31009
0.327984
0.375392
0.42981
0.489947
0.527209
0.512821
0.429994
0.306401
0.187235
0.0972145
0.0455635
0.0136506
0.000922339
0
0
0
0
0
0.00313595
0.0236119
0.0830105
0.146283
0.161963
0.159196
0.160856
0.159749
0.160487
0.171371
0.223391
0.295517
0.383878
0.472975
0.529423
0.517063
0.447519
0.321527
0.203837
0.110681
0.0531267
0.0164176
0.00110681
0.000184468
0
0
0
0.000184468
0.00405829
0.0389227
0.129127
0.225235
0.246818
0.221177
0.185944
0.14905
0.139273
0.155875
0.210109
0.297731
0.402324
0.493267
0.541966
0.52684
0.441616
0.320605
0.204575
0.11437
0.0549714
0.016971
0.00110681
0.000184468
0
0
0
0.000553403
0.00424276
0.0468548
0.165652
0.304372
0.368013
0.358421
0.305294
0.26342
0.235012
0.245342
0.292197
0.371703
0.469471
0.543996
0.56318
0.533665
0.430179
0.306032
0.194429
0.106438
0.0490684
0.014204
0.00147574
0.000184468
0
0
0
0.000737871
0.0051651
0.0416897
0.162701
0.337392
0.458403
0.504888
0.502121
0.464305
0.42981
0.425014
0.456742
0.515403
0.578676
0.610588
0.59288
0.52352
0.396052
0.274488
0.160671
0.0854086
0.0354178
0.0101457
0.000922339
0.000184468
0.000184468
0
0
0.000184468
0.00424276
0.0311751
0.127652
0.304187
0.463568
0.574986
0.634016
0.646744
0.640472
0.637705
0.646375
0.671278
0.672385
0.65855
0.588268
0.465781
0.33112
0.209186
0.120273
0.0577384
0.0219517
0.00442723
0.000553403
0.000184468
0
0
0
0
0.00221361
0.01734
0.0737871
0.202546
0.362479
0.518908
0.638628
0.706327
0.739163
0.752075
0.742298
0.714997
0.679395
0.606715
0.492529
0.359897
0.233536
0.136506
0.0693599
0.0308061
0.011437
0.00221361
0.000737871
0.000184468
0
0
0
0.000184468
0.00129127
0.00885445
0.0346799
0.104409
0.214536
0.346799
0.470024
0.573141
0.641395
0.655414
0.645268
0.608928
0.53551
0.434237
0.316916
0.203652
0.1247
0.0619812
0.0300683
0.0105147
0.00498063
0.000922339
0.000368936
0.000184468
0
0
0
0
0.000368936
0.00239808
0.00885445
0.0354178
0.0807969
0.146467
0.217672
0.284634
0.333518
0.359159
0.34846
0.311566
0.25143
0.184099
0.11603
0.0719424
0.0383693
0.0186312
0.00811658
0.00405829
0.00147574
0.000553403
0
0
0
0
0
0
0.000184468
0.000368936
0.00110681
0.00590297
0.014204
0.0265634
0.0426121
0.0568161
0.0656705
0.0641948
0.0619812
0.0505442
0.0385538
0.0273012
0.0182623
0.0110681
0.00553403
0.00239808
0.00147574
0.00166021
0.000922339
0.000553403
0
0
0
0
0
0
0
0
0
0.000184468
0.000368936
0.00110681
0.00202915
0.00387382
0.00479616
0.00479616
0.0046117
0.00332042
0.00350489
0.00295148
0.00276702
0.00166021
0.000922339
0.000553403
0.000368936
0.000368936
0
0
0
0
0
0
0
0
0
0
0
0
0
0
0
0.000184468
0.000184468
0.000184468
0.000184468
0
0
0
0
0
0
0
0
0
0
0
0
0
0
0
0
0
0
0
0
0
0
0
0
0
0
0.000168976
0.000168976
0
0
0
0
0
0
0
0
0
0
0
0
0
0
0
0
0
0
0
0.000168976
0.00084488
0.00168976
0.00236566
0.00405542
0.00642109
0.00946266
0.0106455
0.0101386
0.0104765
0.00878675
0.00878675
0.00794187
0.00608314
0.0042244
0.00321054
0.00152078
0.000675904
0.000168976
0
0
0
0
0
0
0.000168976
0
0.000506928
0.000506928
0.00304157
0.00743494
0.0126732
0.0256844
0.042244
0.0659006
0.0958094
0.130618
0.164752
0.195505
0.201419
0.185029
0.157317
0.116255
0.0714769
0.0376816
0.0185874
0.00709699
0.00202771
0.000506928
0
0
0
0
0.000168976
0.000506928
0.00084488
0.00219669
0.00540723
0.014025
0.027881
0.0505238
0.0853329
0.128591
0.187394
0.264109
0.351301
0.413484
0.446773
0.427678
0.366847
0.274586
0.172862
0.0893883
0.0468064
0.0168976
0.00625211
0.00152078
0.000168976
0
0
0
0
0.000506928
0.00084488
0.00388645
0.00980061
0.0204461
0.0435958
0.0763772
0.122677
0.183339
0.269855
0.368706
0.467726
0.534133
0.551707
0.501183
0.404529
0.294356
0.180466
0.102399
0.0505238
0.020953
0.00861778
0.00270362
0.000168976
0.000168976
0
0
0.000675904
0.000168976
0.00168976
0.00506928
0.0113214
0.0290639
0.0577898
0.104765
0.163569
0.251943
0.362116
0.471443
0.553903
0.593275
0.558635
0.467557
0.347584
0.232511
0.136026
0.0729976
0.0378506
0.0180804
0.0091247
0.00253464
0.000337952
0.000168976
0
0
0.000337952
0
0.00135181
0.00625211
0.0158837
0.0405542
0.0787428
0.138729
0.217134
0.334235
0.451842
0.553734
0.608652
0.582967
0.486313
0.358567
0.239946
0.141095
0.077391
0.0427509
0.0239946
0.0109834
0.00540723
0.00236566
0.000337952
0.000168976
0
0
0
0
0.00118283
0.00557621
0.020784
0.0525515
0.105272
0.176749
0.290977
0.418892
0.540892
0.614228
0.609834
0.515884
0.373775
0.24096
0.133998
0.0718148
0.0393714
0.0253464
0.014194
0.00726597
0.00388645
0.00168976
0.000506928
0.000168976
0
0
0
0
0.00101386
0.00675904
0.0273741
0.0723217
0.138391
0.235046
0.371409
0.509463
0.615749
0.643968
0.564211
0.41585
0.256675
0.138053
0.0697871
0.0397094
0.0310916
0.021122
0.0136871
0.00709699
0.00270362
0.00118283
0.000506928
0
0
0
0
0
0.00118283
0.0103075
0.0398783
0.0954714
0.183677
0.308381
0.456066
0.598851
0.667455
0.624197
0.476681
0.297229
0.162217
0.0871916
0.0611693
0.0555931
0.0520446
0.0412301
0.0251774
0.0130112
0.0049003
0.00152078
0.000337952
0
0
0
0
0.000168976
0.00118283
0.013856
0.0549172
0.123521
0.233187
0.38949
0.552214
0.670328
0.678777
0.563704
0.374958
0.216796
0.135012
0.1171
0.126056
0.130449
0.119973
0.0922609
0.0628591
0.0312606
0.0121663
0.00219669
0.000337952
0
0
0
0
0.000168976
0.00101386
0.0202771
0.0694491
0.157655
0.296384
0.477526
0.643799
0.711051
0.654106
0.484792
0.306016
0.209868
0.214262
0.253971
0.281683
0.274586
0.238594
0.178439
0.117438
0.0682663
0.0263603
0.0042244
0.000506928
0.000168976
0
0
0
0.000168976
0.00118283
0.0236566
0.0868537
0.197026
0.367185
0.567928
0.71781
0.72609
0.597499
0.426833
0.321899
0.342345
0.419229
0.473302
0.484961
0.45387
0.388138
0.296046
0.19973
0.108652
0.0476512
0.00861778
0.000337952
0.000168976
0
0
0
0
0.00135181
0.0285569
0.108652
0.241805
0.446773
0.647854
0.757519
0.710206
0.554917
0.442041
0.459615
0.561338
0.647685
0.673876
0.652923
0.600203
0.514532
0.397263
0.27391
0.15681
0.0731666
0.014194
0.000675904
0.000168976
0
0
0
0
0.00118283
0.035485
0.130618
0.299425
0.516898
0.721021
0.781345
0.687563
0.555424
0.533795
0.636702
0.739946
0.769686
0.746029
0.693815
0.658331
0.593951
0.477188
0.330517
0.191788
0.0893883
0.021122
0.000506928
0
0
0
0
0
0.00168976
0.041906
0.153092
0.342852
0.571477
0.758195
0.791315
0.682325
0.593106
0.639912
0.735722
0.763772
0.715275
0.659513
0.642954
0.65681
0.629098
0.520953
0.359243
0.204799
0.091754
0.0253464
0.00101386
0
0
0
0
0
0.00287259
0.0471443
0.162386
0.363974
0.604934
0.779824
0.799594
0.706827
0.655965
0.67979
0.709023
0.652247
0.563704
0.543934
0.610341
0.684184
0.657655
0.52636
0.350625
0.182663
0.0831362
0.0241636
0.00084488
0
0
0
0
0.000337952
0.00337952
0.0468064
0.161879
0.364312
0.606793
0.782528
0.830348
0.763434
0.692126
0.671173
0.619804
0.533457
0.505238
0.57097
0.680128
0.741467
0.662048
0.492058
0.302298
0.146164
0.0638729
0.0177425
0.000506928
0
0
0
0
0.000337952
0.00439338
0.0390335
0.142109
0.329503
0.569449
0.780331
0.870226
0.839811
0.752957
0.675566
0.616593
0.602737
0.646333
0.739101
0.803481
0.755999
0.603582
0.398107
0.222541
0.102737
0.035485
0.00929368
0.000506928
0
0
0
0
0.000168976
0.00405542
0.0275431
0.102737
0.260561
0.485806
0.726766
0.878506
0.908584
0.860595
0.797567
0.775431
0.796215
0.838459
0.866678
0.814971
0.661203
0.460629
0.268503
0.136702
0.0561
0.0174045
0.00321054
0.000168976
0
0
0
0
0
0.00287259
0.0158837
0.0591416
0.165596
0.351808
0.583474
0.79706
0.91095
0.94221
0.930382
0.924975
0.918723
0.889152
0.811761
0.656472
0.454883
0.269348
0.137715
0.0581277
0.0199392
0.00439338
0.00101386
0.000168976
0
0
0
0
0
0.000675904
0.00591416
0.0256844
0.0794187
0.184522
0.362116
0.567083
0.742987
0.84826
0.883576
0.864988
0.808212
0.704123
0.543934
0.369382
0.213079
0.106455
0.0464684
0.0163907
0.00506928
0.00101386
0.00084488
0.000168976
0
0
0
0
0
0
0.000506928
0.0035485
0.0182494
0.0466374
0.102062
0.185367
0.279486
0.349273
0.380534
0.371409
0.32511
0.256675
0.170497
0.0998648
0.0506928
0.0219669
0.00929368
0.00304157
0.000675904
0
0.000168976
0.000168976
0
0
0
0
0
0
0
0
0.00084488
0.00371747
0.00743494
0.0135181
0.0241636
0.0329503
0.0393714
0.0388645
0.035147
0.0275431
0.0165596
0.0103075
0.00608314
0.00304157
0.00118283
0.000506928
0
0
0
0
0
0
0
0
0
0
0
0
0
0
0
0
0.000506928
0.00118283
0.00118283
0.00152078
0.00185874
0.00168976
0.00101386
0.000675904
0.000168976
0.000168976
0
0
0
0
0
0
0
0
0
0
0
0
0
0
0
0
0
0
0.000168976
0.000168976
0
0
0
0
0
0
0
0
0
0
0
0
0
0
0
0
0
0
0
0
0
0
0
0
0
0
0
0
0
0
0
0
0
0
0
0
0
0
0
0
0
0
0
0
0
0
0
0
0
0
0
0
0
0
0
0
0
0
0
0
0
0
0
0
0
0
0
0
0
0
0
0
0
0
0
0
0
0
0
0
0
0
0
0
0
0
0
0
0
0
0
0
0
0
0
0
0
0
0
0
0
0
0
0
0
0
0
0
0
0
0
0
0
0
0
0
0
0
0
0
0
0
0
0
0
0
0
0
0
0
0
0
0
0
0
0
0
0
0
0
0
0
0
0
0
0
0
0
0
0
0
0
0
0
0
0
0
0
0
0
0
0
0
0
0
0
0
0
0
0
0
0
0
0
0
0
0
0
0
0
0
0
0
0
0
0
0.000159617
0.000159617
0.000159617
0
0.000159617
0.000159617
0.000159617
0
0.000478851
0.000478851
0.000478851
0.000478851
0.000319234
0.000319234
0
0
0
0
0.000159617
0.000159617
0
0
0
0
0
0
0
0
0.000159617
0.000478851
0.0019154
0.00383081
0.00702314
0.0100559
0.0124501
0.0138867
0.0142059
0.0154828
0.0143655
0.0137271
0.0127694
0.0110136
0.00782123
0.00494812
0.00303272
0.00127694
0.000798085
0.000638468
0
0
0
0
0
0
0
0.00127694
0.00207502
0.00814046
0.022506
0.0378292
0.0595371
0.08332
0.111253
0.13328
0.149721
0.162011
0.167279
0.169194
0.165682
0.159298
0.147167
0.119713
0.0927374
0.0596967
0.035435
0.0188348
0.00718276
0.00111732
0
0
0
0.000159617
0.00111732
0.00622506
0.0193136
0.0494812
0.101357
0.161213
0.239745
0.318595
0.39984
0.464964
0.516201
0.54988
0.575419
0.593296
0.600319
0.601277
0.57909
0.527853
0.428891
0.310615
0.188827
0.0975259
0.0413408
0.00893855
0.00159617
0
0
0.000159617
0.00303272
0.0196329
0.0555467
0.112211
0.195211
0.303591
0.427135
0.542059
0.650439
0.73759
0.798404
0.833998
0.842937
0.852035
0.857143
0.855866
0.835754
0.772546
0.652993
0.479808
0.297366
0.155148
0.0636872
0.0172386
0.00223464
0
0
0.000478851
0.00478851
0.0296887
0.0731045
0.144134
0.249481
0.369194
0.504868
0.639904
0.746209
0.818196
0.849162
0.851397
0.8415
0.837031
0.853631
0.882841
0.896887
0.856824
0.741101
0.550998
0.339824
0.176856
0.0705507
0.0154828
0.00223464
0.000159617
0.000159617
0.000319234
0.00526736
0.0304868
0.0748603
0.142857
0.239745
0.357702
0.481245
0.592179
0.673424
0.699761
0.682522
0.641979
0.606225
0.594413
0.63352
0.727374
0.82921
0.852514
0.750678
0.550519
0.327215
0.159457
0.0539505
0.0094174
0.0019154
0.000159617
0.000159617
0.000478851
0.00446927
0.0234637
0.058739
0.113807
0.185634
0.284118
0.383879
0.47518
0.51269
0.490503
0.43352
0.357382
0.306145
0.298164
0.383879
0.581006
0.776856
0.832562
0.719553
0.498484
0.276935
0.122426
0.0359138
0.00542698
0.000319234
0
0
0.000319234
0.00303272
0.0143655
0.0360734
0.0769354
0.130247
0.20814
0.286193
0.345571
0.351955
0.307582
0.228731
0.152913
0.119872
0.148125
0.300399
0.574142
0.795531
0.822187
0.663687
0.427773
0.202713
0.0801277
0.0201117
0.00335196
0.000798085
0.000159617
0.000159617
0
0.00127694
0.00654429
0.0207502
0.0483639
0.090822
0.141261
0.207981
0.244693
0.23767
0.186752
0.115084
0.0609737
0.0577813
0.135515
0.369832
0.67087
0.833679
0.793935
0.596488
0.339665
0.15004
0.0517159
0.0161213
0.00478851
0.00143655
0.000159617
0
0
0.000159617
0.00351157
0.0113328
0.0335196
0.0628891
0.103272
0.146049
0.167279
0.152115
0.113488
0.0713488
0.056664
0.0777334
0.217239
0.512849
0.773184
0.856824
0.759617
0.507741
0.258579
0.113488
0.0480447
0.0205906
0.00830008
0.0019154
0
0
0
0
0.00111732
0.00606544
0.0201117
0.045012
0.0724661
0.0999202
0.113966
0.109178
0.0925778
0.0814046
0.0881085
0.155946
0.369194
0.660176
0.842777
0.850439
0.67087
0.403352
0.202554
0.0949721
0.0469274
0.0226656
0.0094174
0.00159617
0
0
0.000159617
0
0.000319234
0.00335196
0.0130886
0.0284118
0.0496409
0.0670391
0.0820431
0.0873105
0.0927374
0.101676
0.138707
0.275978
0.535036
0.76233
0.865443
0.780367
0.540623
0.301197
0.145092
0.0724661
0.0383081
0.0193136
0.00686353
0.000798085
0
0
0
0.000159617
0.000159617
0.00175579
0.00766161
0.0167598
0.0282522
0.0422985
0.0560255
0.0691141
0.0831604
0.119074
0.201277
0.407183
0.652035
0.815004
0.827454
0.650439
0.40814
0.209737
0.0968875
0.0461293
0.0264964
0.0121309
0.00590583
0.00143655
0.000319234
0
0.000159617
0.000159617
0.000798085
0.00127694
0.00399042
0.00877893
0.0132482
0.0229848
0.0330407
0.0483639
0.0767757
0.138867
0.289545
0.521947
0.730088
0.812929
0.727694
0.505986
0.290184
0.134078
0.0630487
0.0280926
0.0140463
0.00638468
0.00367119
0.000798085
0.000319234
0
0
0.000478851
0.000638468
0.000638468
0.0019154
0.00383081
0.00606544
0.0121309
0.0212291
0.0421389
0.0876297
0.198563
0.3917
0.602235
0.754988
0.752115
0.60016
0.372546
0.197446
0.0857143
0.0376696
0.0148444
0.00590583
0.00207502
0.00143655
0.000478851
0
0
0
0.000159617
0
0.000159617
0.000798085
0.00223464
0.00367119
0.00957702
0.0237829
0.0614525
0.144134
0.289705
0.482522
0.654749
0.732482
0.652514
0.469274
0.281564
0.143974
0.0606544
0.0229848
0.00893855
0.00399042
0.00111732
0.000957702
0.000478851
0
0
0
0
0
0
0.000957702
0.00303272
0.00734238
0.0169194
0.0466081
0.113009
0.22075
0.381644
0.548444
0.660654
0.662091
0.543176
0.380846
0.223943
0.111572
0.0466081
0.0194733
0.00861931
0.00351157
0.00111732
0.000798085
0.000319234
0
0
0
0
0
0.000319234
0.00207502
0.00686353
0.0146848
0.0392658
0.0898643
0.179888
0.302474
0.450758
0.575898
0.625858
0.583879
0.461133
0.318436
0.189785
0.0938547
0.0408619
0.0178771
0.00734238
0.00303272
0.000638468
0.000638468
0.000319234
0
0
0
0
0
0.000319234
0.00494812
0.0126097
0.0314445
0.0711891
0.136472
0.239585
0.369034
0.490184
0.563607
0.568715
0.507422
0.391061
0.272945
0.164725
0.084597
0.0387869
0.0166002
0.00638468
0.00271349
0.000478851
0.000638468
0.000159617
0
0
0
0
0.000159617
0.00111732
0.00638468
0.0181963
0.0456504
0.0970471
0.174621
0.277733
0.395531
0.481245
0.518915
0.502155
0.434158
0.339346
0.239585
0.144773
0.0774142
0.0363927
0.0169194
0.00574621
0.0019154
0.000159617
0.000478851
0.000159617
0
0
0
0
0
0.000957702
0.00430966
0.0177175
0.0474062
0.102314
0.182283
0.273743
0.367279
0.421548
0.438308
0.411173
0.355467
0.275818
0.196808
0.121628
0.0636872
0.0349561
0.0148444
0.00558659
0.00255387
0.000638468
0.000478851
0
0
0
0
0
0
0
0.0019154
0.00830008
0.0256983
0.0606544
0.107103
0.157702
0.207342
0.245012
0.260176
0.250758
0.217558
0.171907
0.124501
0.0804469
0.0454908
0.0228252
0.00814046
0.00415004
0.0019154
0.000478851
0
0.000159617
0
0
0
0
0
0
0.000319234
0.000957702
0.0028731
0.00526736
0.00861931
0.0113328
0.0209098
0.0244214
0.0304868
0.035435
0.03751
0.0333599
0.0284118
0.0196329
0.011652
0.00510774
0.00159617
0.000957702
0.000638468
0.000319234
0
0
0
0
0
0
0
0
0
0
0
0
0
0
0
0
0
0
0
0
0
0
0
0
0
0
0
0
0
0
0
0
0
0
0
0
0
0
0
0
0
0
0
0
0
0
0
0
0
0
0
0
0
0
0
0
0
0
0
0
0
0
0
0
0
0
0
0
0
0
0
0
0
0
0
0
0
0.000170911
0.000170911
0
0
0
0
0
0
0
0
0
0
0
0
0
0
0
0
0
0.000170911
0.000170911
0.000683644
0.00102547
0.00170911
0.00273458
0.00341822
0.00444368
0.00598188
0.0046146
0.0046146
0.0030764
0.00205093
0.00170911
0.00136729
0.000683644
0.000341822
0.000170911
0
0
0
0
0.000170911
0
0
0.000170911
0.000170911
0.0015382
0.00598188
0.0138438
0.0264912
0.0493933
0.0854555
0.12767
0.165784
0.186977
0.188002
0.172107
0.137412
0.095881
0.067168
0.0406768
0.0215348
0.00854555
0.00444368
0.00205093
0.000683644
0.000170911
0
0
0
0
0.000170911
0.000854555
0.00495642
0.0145274
0.038455
0.0810118
0.15006
0.257734
0.394804
0.519569
0.626901
0.691848
0.703469
0.659887
0.557853
0.428303
0.304222
0.193813
0.115878
0.0570843
0.026833
0.0107674
0.00239275
0.000170911
0
0
0
0
0.00136729
0.00512733
0.0182875
0.0522988
0.108016
0.2027
0.339771
0.504871
0.65476
0.771321
0.839173
0.866348
0.861904
0.821398
0.744146
0.623483
0.478038
0.336182
0.209024
0.120492
0.0582806
0.021193
0.00427277
0.000341822
0
0
0
0.000170911
0.00427277
0.0146983
0.0458041
0.105794
0.199282
0.337207
0.503675
0.663989
0.769441
0.814391
0.798838
0.784652
0.771492
0.763972
0.747735
0.683131
0.569133
0.420954
0.284567
0.178602
0.0873355
0.0293967
0.0078619
0.000683644
0
0
0
0.0015382
0.00854555
0.0273458
0.0743463
0.154674
0.276192
0.444368
0.607076
0.714408
0.741754
0.693215
0.606905
0.54401
0.549137
0.589301
0.657665
0.675611
0.594941
0.462143
0.332422
0.199795
0.105623
0.0376004
0.00820373
0.000854555
0
0
0
0.0015382
0.0123056
0.0357204
0.0946847
0.187147
0.329858
0.507093
0.640232
0.699197
0.655102
0.531191
0.406426
0.351564
0.399761
0.521449
0.638523
0.678516
0.60793
0.467954
0.322509
0.195351
0.103914
0.0352077
0.00803281
0.000854555
0
0
0
0.00119638
0.0133311
0.0405059
0.0981029
0.201333
0.34524
0.513075
0.642112
0.678175
0.604341
0.453427
0.329175
0.32832
0.431892
0.587421
0.69988
0.687575
0.582806
0.419928
0.274312
0.153136
0.0765681
0.0285421
0.00581097
0.000854555
0
0
0
0.00119638
0.011451
0.0386259
0.0943428
0.191078
0.326953
0.497351
0.62844
0.683302
0.638182
0.516835
0.424714
0.467783
0.602803
0.720731
0.73919
0.649633
0.485387
0.320629
0.190053
0.0962229
0.0464878
0.0164075
0.00427277
0.000170911
0
0
0
0.000683644
0.00734917
0.0293967
0.072979
0.149889
0.279098
0.433943
0.588276
0.700222
0.719877
0.666211
0.618869
0.693557
0.782089
0.790634
0.691335
0.532559
0.349171
0.204068
0.108358
0.0519569
0.0263203
0.0078619
0.00222184
0.000341822
0
0
0
0.000512733
0.00427277
0.0167493
0.0475132
0.106136
0.205264
0.348658
0.516493
0.697146
0.813365
0.826525
0.817638
0.867202
0.862417
0.752179
0.565886
0.366091
0.207486
0.108528
0.0550333
0.0259785
0.0119638
0.00393095
0.000854555
0.000170911
0
0
0
0.000170911
0.0015382
0.00922919
0.0280294
0.0680226
0.143736
0.269868
0.463681
0.682618
0.858315
0.917108
0.931807
0.925141
0.83866
0.640916
0.404546
0.228508
0.121689
0.0668262
0.0358913
0.0176038
0.00717826
0.00273458
0.000170911
0
0
0
0
0.000170911
0.000512733
0.00615279
0.0198257
0.053666
0.12374
0.249872
0.45582
0.703299
0.883439
0.928388
0.924628
0.879166
0.745855
0.520595
0.316014
0.183387
0.105965
0.0579388
0.0321313
0.0157238
0.00717826
0.00170911
0
0
0
0
0
0.000170911
0.000683644
0.00700735
0.0271748
0.071099
0.163904
0.319774
0.54401
0.760896
0.868911
0.862417
0.822936
0.770808
0.648949
0.478892
0.314134
0.195009
0.117587
0.0695608
0.0370877
0.0199966
0.00974192
0.0015382
0
0
0
0
0
0.000341822
0.00205093
0.0124765
0.0478551
0.12015
0.25517
0.451889
0.654418
0.790976
0.796616
0.723979
0.667578
0.646385
0.596479
0.480431
0.347804
0.226799
0.14442
0.0830627
0.0490514
0.0261494
0.0112801
0.00102547
0.000170911
0
0
0
0
0.000170911
0.00427277
0.0276876
0.08067
0.19142
0.368655
0.558708
0.713382
0.746197
0.666724
0.554948
0.521108
0.568108
0.565715
0.486071
0.379764
0.261494
0.168689
0.0982738
0.0572552
0.0309349
0.0109383
0.00102547
0.000170911
0
0
0
0
0.000341822
0.00752008
0.0446078
0.122714
0.268672
0.453427
0.619894
0.709451
0.656298
0.525551
0.434114
0.449325
0.524697
0.562468
0.505726
0.407794
0.282858
0.183729
0.10699
0.0586225
0.0293967
0.00734917
0.000512733
0
0
0
0
0
0.000512733
0.00991284
0.0567424
0.160656
0.318749
0.491711
0.633567
0.680909
0.602632
0.497522
0.44471
0.499744
0.562297
0.584345
0.531191
0.421808
0.290207
0.1839
0.103401
0.0522988
0.0235857
0.0046146
0.000512733
0
0
0
0
0
0.000512733
0.0104256
0.0608443
0.17074
0.327978
0.493591
0.631174
0.701931
0.682106
0.647753
0.636985
0.655956
0.673902
0.638182
0.542471
0.409503
0.271407
0.161853
0.0857973
0.0413605
0.0165784
0.00222184
0.000170911
0
0
0
0
0
0.000512733
0.00717826
0.0562297
0.153478
0.290378
0.453256
0.610836
0.74483
0.817638
0.841395
0.842591
0.815929
0.750641
0.640403
0.497693
0.350026
0.2121
0.119296
0.0562297
0.0271748
0.0078619
0.00136729
0.000341822
0
0
0
0
0
0.000341822
0.00324731
0.0321313
0.109212
0.216886
0.361818
0.513075
0.660913
0.79183
0.851478
0.845155
0.787729
0.671167
0.527944
0.374637
0.232781
0.129721
0.065288
0.0295676
0.0126474
0.00376004
0.000854555
0.000170911
0
0
0
0
0
0
0.000512733
0.00871646
0.0406768
0.0969065
0.184926
0.288669
0.39207
0.478038
0.526918
0.521278
0.457358
0.369168
0.263887
0.168347
0.0936592
0.0488805
0.0235857
0.00991284
0.00427277
0.00102547
0
0
0
0
0
0
0
0
0
0.000854555
0.00478551
0.00974192
0.0182875
0.0278585
0.0387968
0.046146
0.0509315
0.0546915
0.0524697
0.0420441
0.0292258
0.017262
0.011451
0.00666553
0.00273458
0.000512733
0.000170911
0.000170911
0
0
0
0
0
0
0
0
0
0
0
0.000170911
0.000683644
0.000854555
0.00102547
0.00119638
0.00119638
0.000854555
0.000512733
0.000341822
0.000170911
0.000170911
0.000170911
0.000170911
0
0
0.000170911
0
0
0
0
0
0
0
0
0
0
0
0
0
0
0
0
0
0
0
0
0
0
0
0
0
0
0
0
0
0
0
0
0
0
0
0
0
0
0
0
0
0
0
0
0
0
0
0
0
0
0
0
0
0
0
0
0
0
0
0
0
0
0
0
0
0
0
0
0
0
0
0
0
0
0
0
0
0
0
0
0
0
0
0
0
0
0
0
0
0
0
0
0
0
0
0
0
0
0
0
0
0
0
0
0
0
0
0
0
0
0
0
0
0
0
0
0
0
0
0
0
0
0
0
0
0
0
0
0
0
0
0
0
0
0
0.000168095
0
0
0
0
0
0
0
0
0
0
0
0
0
0
0
0
0
0
0
0.000672382
0.00134476
0.00218524
0.00302572
0.0036981
0.0038662
0.00252143
0.00201715
0.00117667
0.000336191
0.000336191
0
0
0
0
0
0
0
0
0
0
0
0
0
0
0.000504286
0.00168095
0.00521096
0.0127753
0.0255505
0.0403429
0.0532863
0.0595058
0.0628677
0.0568163
0.0445453
0.0307615
0.0196672
0.0112624
0.00521096
0.00168095
0.000168095
0
0
0
0
0
0
0
0
0
0.000336191
0.00285762
0.00621953
0.0220205
0.0544629
0.106909
0.196504
0.320222
0.442427
0.537065
0.580097
0.549336
0.461422
0.342074
0.218692
0.11649
0.0539586
0.0168095
0.00470667
0.000672382
0.000168095
0
0
0
0
0
0.000168095
0.000168095
0.00268953
0.0121029
0.0337872
0.0875777
0.169104
0.32123
0.5137
0.70079
0.840309
0.907547
0.922508
0.880484
0.774248
0.614389
0.421079
0.245083
0.125567
0.0477391
0.0147924
0.00336191
0.000672382
0
0
0
0
0
0.000504286
0.00319381
0.012271
0.0363086
0.0895949
0.195159
0.361069
0.580602
0.771726
0.870566
0.884518
0.861657
0.843335
0.834594
0.801311
0.711716
0.527316
0.339553
0.182384
0.0779963
0.0245419
0.00554715
0.000840477
0
0
0
0
0.000168095
0.00100857
0.00672382
0.02824
0.0748025
0.171289
0.339385
0.568331
0.758111
0.831905
0.783661
0.667003
0.560935
0.540931
0.610187
0.698941
0.706001
0.593377
0.394184
0.214994
0.0927887
0.0285762
0.00571525
0.000840477
0
0
0
0
0
0.00252143
0.015801
0.0531182
0.124559
0.276013
0.492015
0.70785
0.795428
0.723483
0.545302
0.356026
0.260044
0.322911
0.490671
0.67961
0.741301
0.641789
0.427803
0.226425
0.0948058
0.0289124
0.00588334
0.00100857
0.000168095
0
0
0
0.000504286
0.00453858
0.0253824
0.0805177
0.181543
0.369642
0.601278
0.758447
0.734073
0.550849
0.317364
0.173643
0.18356
0.34073
0.569003
0.762313
0.807531
0.671541
0.430829
0.209111
0.0837115
0.0255505
0.00420239
0.000672382
0.000168095
0
0
0
0.000504286
0.0073962
0.0339553
0.0944697
0.221886
0.435535
0.654732
0.752732
0.655236
0.430997
0.247773
0.216843
0.320558
0.512523
0.727685
0.863506
0.839133
0.645823
0.385611
0.170617
0.0628677
0.0181543
0.00252143
0
0
0
0
0
0.000336191
0.00672382
0.0384939
0.109766
0.241553
0.457892
0.6628
0.731215
0.630694
0.458901
0.386452
0.430493
0.555724
0.722306
0.861321
0.920491
0.824172
0.578417
0.297361
0.119348
0.0435367
0.012271
0.00201715
0.000168095
0.000168095
0
0
0
0.000168095
0.00655572
0.0368129
0.105396
0.226929
0.432342
0.628845
0.713397
0.678601
0.610859
0.603631
0.65221
0.736258
0.824676
0.918978
0.929064
0.769205
0.467137
0.210792
0.0806858
0.0285762
0.00874096
0.00134476
0.000168095
0.000168095
0
0
0
0.000168095
0.00487477
0.0297529
0.0835435
0.187595
0.356867
0.543285
0.662128
0.701462
0.698605
0.701126
0.715414
0.749538
0.838965
0.920491
0.898638
0.670533
0.354513
0.149101
0.0551353
0.0215162
0.00790049
0.00117667
0.000168095
0.000336191
0
0
0
0
0.00319381
0.0201715
0.058161
0.128425
0.249117
0.402084
0.525971
0.597243
0.6196
0.620104
0.608506
0.674567
0.802992
0.892923
0.822491
0.551353
0.269121
0.107581
0.0445453
0.0188267
0.00605144
0.00117667
0.000168095
0.000168095
0
0
0
0.000168095
0.00168095
0.00974954
0.0324424
0.0737939
0.143217
0.234829
0.322743
0.384602
0.399731
0.407968
0.455875
0.604976
0.769709
0.834762
0.716927
0.443604
0.213313
0.0949739
0.0398386
0.0142881
0.00521096
0.00100857
0.000168095
0
0
0.000168095
0
0.000168095
0.000672382
0.00453858
0.0139519
0.0331148
0.0647168
0.106068
0.15179
0.187595
0.217011
0.264582
0.388132
0.576399
0.729366
0.748865
0.591696
0.36191
0.184233
0.086233
0.0383258
0.0164734
0.00605144
0.00134476
0.000504286
0
0
0
0
0
0.000672382
0.00218524
0.00638763
0.0139519
0.0258867
0.0423601
0.0586653
0.0882501
0.129265
0.22592
0.393848
0.567322
0.677425
0.654732
0.487981
0.310472
0.168432
0.0855606
0.0368129
0.0166415
0.00638763
0.00218524
0.000672382
0
0
0
0
0.000336191
0.000504286
0.00151286
0.00487477
0.00689191
0.0115986
0.0198353
0.0346277
0.0684149
0.14036
0.270466
0.433686
0.560767
0.614557
0.549168
0.421247
0.275508
0.158178
0.0825349
0.0393343
0.0186586
0.00806858
0.00336191
0.00100857
0
0
0
0
0.000168095
0.000336191
0.00134476
0.00403429
0.00554715
0.0124391
0.0240377
0.0522777
0.106741
0.204068
0.336023
0.471172
0.54194
0.547151
0.469827
0.371659
0.251975
0.153975
0.0801815
0.0415196
0.0191629
0.00958144
0.0038662
0.000840477
0
0
0
0
0
0.000168095
0.000672382
0.00235334
0.00655572
0.0174819
0.0423601
0.0865692
0.163221
0.269793
0.392503
0.477727
0.508489
0.475878
0.413683
0.336863
0.2392
0.152295
0.082703
0.0472348
0.0235334
0.0109262
0.0038662
0.000504286
0
0
0
0
0
0.000168095
0.000840477
0.00336191
0.0104219
0.0300891
0.0637082
0.122374
0.217516
0.317869
0.408472
0.452849
0.454698
0.422592
0.370819
0.316524
0.228946
0.153135
0.0912758
0.0489158
0.0257186
0.0129434
0.0038662
0.000504286
0
0
0
0
0
0
0.00134476
0.00588334
0.0163053
0.0388301
0.0808539
0.14742
0.236342
0.322407
0.390318
0.403261
0.389813
0.363927
0.327282
0.285426
0.217179
0.146243
0.0911077
0.0504286
0.0238696
0.0121029
0.00302572
0.000168095
0
0
0
0
0.000168095
0
0.00168095
0.00621953
0.0174819
0.0361405
0.0741301
0.131451
0.206589
0.268785
0.308287
0.314339
0.298201
0.276181
0.249454
0.226761
0.172634
0.115482
0.0707682
0.0374853
0.0179862
0.00672382
0.00168095
0.000168095
0
0
0
0
0
0.000168095
0.000840477
0.00268953
0.00554715
0.00907716
0.0205076
0.0359724
0.0556396
0.0798454
0.0944697
0.0966549
0.0926206
0.0843839
0.0754749
0.0702639
0.0542948
0.0344596
0.0218524
0.0112624
0.00319381
0.000840477
0
0
0
0
0
0
0
0
0
0
0.000168095
0.000168095
0.000168095
0.000504286
0.000840477
0.00117667
0.00117667
0.00100857
0.00252143
0.00184905
0.00117667
0.00117667
0.00117667
0.00117667
0.00117667
0.000504286
0.000336191
0
0
0
0
0
0.0987167
0.112367
0.0993
0.102183
0.0973667
0.09035
0.0986333
0.104417
0.0975167
0.09915
